Index       TIME              V(IN)            V(IN1)            V(OUT)            V(VDD)            V(GATE)           V(OUT)            I(V_IN)          I(V_VDD)          I(R_LOAD)    
0        0.00000000e+00    0.00000000e+00    0.00000000e+00   -5.60000000e-02    1.00000000e+00    0.00000000e+00   -5.60000000e-02    0.00000000e+00   -1.00000000e-03   -5.60000000e-05
1        2.50000000e-12    0.00000000e+00    0.00000000e+00   -5.60000000e-02    1.00000000e+00    0.00000000e+00   -5.60000000e-02    0.00000000e+00   -1.00000000e-03   -5.60000000e-05
2        7.50000000e-12    0.00000000e+00    0.00000000e+00   -5.59999999e-02    1.00000000e+00    0.00000000e+00   -5.59999999e-02    0.00000000e+00   -1.00000000e-03   -5.59999999e-05
3        1.75000000e-11    0.00000000e+00    0.00000000e+00   -5.59999999e-02    1.00000000e+00    0.00000000e+00   -5.59999999e-02    0.00000000e+00   -1.00000000e-03   -5.59999999e-05
4        2.75000000e-11    0.00000000e+00    0.00000000e+00   -5.59999999e-02    1.00000000e+00    0.00000000e+00   -5.59999999e-02    0.00000000e+00   -1.00000000e-03   -5.59999999e-05
5        3.75000000e-11    0.00000000e+00    0.00000000e+00   -5.59999999e-02    1.00000000e+00    0.00000000e+00   -5.59999999e-02    0.00000000e+00   -1.00000000e-03   -5.59999999e-05
6        4.75000000e-11    0.00000000e+00    0.00000000e+00   -5.59999999e-02    1.00000000e+00    0.00000000e+00   -5.59999999e-02    0.00000000e+00   -1.00000000e-03   -5.59999999e-05
7        5.75000000e-11    0.00000000e+00    0.00000000e+00   -5.59999998e-02    1.00000000e+00    0.00000000e+00   -5.59999998e-02    0.00000000e+00   -1.00000000e-03   -5.59999998e-05
8        6.75000000e-11    0.00000000e+00    0.00000000e+00   -5.59999998e-02    1.00000000e+00    0.00000000e+00   -5.59999998e-02    0.00000000e+00   -1.00000000e-03   -5.59999998e-05
9        7.75000000e-11    0.00000000e+00    0.00000000e+00   -5.59999998e-02    1.00000000e+00    0.00000000e+00   -5.59999998e-02    0.00000000e+00   -1.00000000e-03   -5.59999998e-05
10       8.75000000e-11    0.00000000e+00    0.00000000e+00   -5.59999998e-02    1.00000000e+00    0.00000000e+00   -5.59999998e-02    0.00000000e+00   -1.00000000e-03   -5.59999998e-05
11       9.75000000e-11    0.00000000e+00    0.00000000e+00   -5.59999998e-02    1.00000000e+00    0.00000000e+00   -5.59999998e-02    0.00000000e+00   -1.00000000e-03   -5.59999998e-05
12       1.07500000e-10    0.00000000e+00    0.00000000e+00   -5.59999998e-02    1.00000000e+00    0.00000000e+00   -5.59999998e-02    0.00000000e+00   -1.00000000e-03   -5.59999998e-05
13       1.17500000e-10    0.00000000e+00    0.00000000e+00   -5.59999998e-02    1.00000000e+00    0.00000000e+00   -5.59999998e-02    0.00000000e+00   -1.00000000e-03   -5.59999998e-05
14       1.27500000e-10    0.00000000e+00    0.00000000e+00   -5.59999998e-02    1.00000000e+00    0.00000000e+00   -5.59999998e-02    0.00000000e+00   -1.00000000e-03   -5.59999998e-05
15       1.37500000e-10    0.00000000e+00    0.00000000e+00   -5.59999998e-02    1.00000000e+00    0.00000000e+00   -5.59999998e-02    0.00000000e+00   -1.00000000e-03   -5.59999998e-05
16       1.47500000e-10    0.00000000e+00    0.00000000e+00   -5.59999998e-02    1.00000000e+00    0.00000000e+00   -5.59999998e-02    0.00000000e+00   -1.00000000e-03   -5.59999998e-05
17       1.57500000e-10    0.00000000e+00    0.00000000e+00   -5.59999998e-02    1.00000000e+00    0.00000000e+00   -5.59999998e-02    0.00000000e+00   -1.00000000e-03   -5.59999998e-05
18       1.67500000e-10    0.00000000e+00    0.00000000e+00   -5.59999998e-02    1.00000000e+00    0.00000000e+00   -5.59999998e-02    0.00000000e+00   -1.00000000e-03   -5.59999998e-05
19       1.77500000e-10    0.00000000e+00    0.00000000e+00   -5.59999998e-02    1.00000000e+00    0.00000000e+00   -5.59999998e-02    0.00000000e+00   -1.00000000e-03   -5.59999998e-05
20       1.87500000e-10    0.00000000e+00    0.00000000e+00   -5.59999998e-02    1.00000000e+00    0.00000000e+00   -5.59999998e-02    0.00000000e+00   -1.00000000e-03   -5.59999998e-05
21       1.97500000e-10    0.00000000e+00    0.00000000e+00   -5.59999998e-02    1.00000000e+00    0.00000000e+00   -5.59999998e-02    0.00000000e+00   -1.00000000e-03   -5.59999998e-05
22       2.07500000e-10    0.00000000e+00    0.00000000e+00   -5.59999998e-02    1.00000000e+00    0.00000000e+00   -5.59999998e-02    0.00000000e+00   -1.00000000e-03   -5.59999998e-05
23       2.17500000e-10    0.00000000e+00    0.00000000e+00   -5.59999998e-02    1.00000000e+00    0.00000000e+00   -5.59999998e-02    0.00000000e+00   -1.00000000e-03   -5.59999998e-05
24       2.27500000e-10    0.00000000e+00    0.00000000e+00   -5.59999998e-02    1.00000000e+00    0.00000000e+00   -5.59999998e-02    0.00000000e+00   -1.00000000e-03   -5.59999998e-05
25       2.37500000e-10    0.00000000e+00    0.00000000e+00   -5.59999998e-02    1.00000000e+00    0.00000000e+00   -5.59999998e-02    0.00000000e+00   -1.00000000e-03   -5.59999998e-05
26       2.47500000e-10    0.00000000e+00    0.00000000e+00   -5.59999998e-02    1.00000000e+00    0.00000000e+00   -5.59999998e-02    0.00000000e+00   -1.00000000e-03   -5.59999998e-05
27       2.57500000e-10    0.00000000e+00    0.00000000e+00   -5.59999998e-02    1.00000000e+00    0.00000000e+00   -5.59999998e-02    0.00000000e+00   -1.00000000e-03   -5.59999998e-05
28       2.67500000e-10    0.00000000e+00    0.00000000e+00   -5.59999998e-02    1.00000000e+00    0.00000000e+00   -5.59999998e-02    0.00000000e+00   -1.00000000e-03   -5.59999998e-05
29       2.77500000e-10    0.00000000e+00    0.00000000e+00   -5.59999998e-02    1.00000000e+00    0.00000000e+00   -5.59999998e-02    0.00000000e+00   -1.00000000e-03   -5.59999998e-05
30       2.87500000e-10    0.00000000e+00    0.00000000e+00   -5.59999998e-02    1.00000000e+00    0.00000000e+00   -5.59999998e-02    0.00000000e+00   -1.00000000e-03   -5.59999998e-05
31       2.97500000e-10    0.00000000e+00    0.00000000e+00   -5.59999998e-02    1.00000000e+00    0.00000000e+00   -5.59999998e-02    0.00000000e+00   -1.00000000e-03   -5.59999998e-05
32       3.07500000e-10    0.00000000e+00    0.00000000e+00   -5.59999998e-02    1.00000000e+00    0.00000000e+00   -5.59999998e-02    0.00000000e+00   -1.00000000e-03   -5.59999998e-05
33       3.17500000e-10    0.00000000e+00    0.00000000e+00   -5.59999998e-02    1.00000000e+00    0.00000000e+00   -5.59999998e-02    0.00000000e+00   -1.00000000e-03   -5.59999998e-05
34       3.27500000e-10    0.00000000e+00    0.00000000e+00   -5.59999998e-02    1.00000000e+00    0.00000000e+00   -5.59999998e-02    0.00000000e+00   -1.00000000e-03   -5.59999998e-05
35       3.37500000e-10    0.00000000e+00    0.00000000e+00   -5.59999998e-02    1.00000000e+00    0.00000000e+00   -5.59999998e-02    0.00000000e+00   -1.00000000e-03   -5.59999998e-05
36       3.47500000e-10    0.00000000e+00    0.00000000e+00   -5.59999998e-02    1.00000000e+00    0.00000000e+00   -5.59999998e-02    0.00000000e+00   -1.00000000e-03   -5.59999998e-05
37       3.57500000e-10    0.00000000e+00    0.00000000e+00   -5.59999998e-02    1.00000000e+00    0.00000000e+00   -5.59999998e-02    0.00000000e+00   -1.00000000e-03   -5.59999998e-05
38       3.67500000e-10    0.00000000e+00    0.00000000e+00   -5.59999998e-02    1.00000000e+00    0.00000000e+00   -5.59999998e-02    0.00000000e+00   -1.00000000e-03   -5.59999998e-05
39       3.77500000e-10    0.00000000e+00    0.00000000e+00   -5.59999998e-02    1.00000000e+00    0.00000000e+00   -5.59999998e-02    0.00000000e+00   -1.00000000e-03   -5.59999998e-05
40       3.87500000e-10    0.00000000e+00    0.00000000e+00   -5.59999998e-02    1.00000000e+00    0.00000000e+00   -5.59999998e-02    0.00000000e+00   -1.00000000e-03   -5.59999998e-05
41       3.97500000e-10    0.00000000e+00    0.00000000e+00   -5.59999998e-02    1.00000000e+00    0.00000000e+00   -5.59999998e-02    0.00000000e+00   -1.00000000e-03   -5.59999998e-05
42       4.07500000e-10    0.00000000e+00    0.00000000e+00   -5.59999998e-02    1.00000000e+00    0.00000000e+00   -5.59999998e-02    0.00000000e+00   -1.00000000e-03   -5.59999998e-05
43       4.17500000e-10    0.00000000e+00    0.00000000e+00   -5.59999998e-02    1.00000000e+00    0.00000000e+00   -5.59999998e-02    0.00000000e+00   -1.00000000e-03   -5.59999998e-05
44       4.27500000e-10    0.00000000e+00    0.00000000e+00   -5.59999998e-02    1.00000000e+00    0.00000000e+00   -5.59999998e-02    0.00000000e+00   -1.00000000e-03   -5.59999998e-05
45       4.37500000e-10    0.00000000e+00    0.00000000e+00   -5.59999998e-02    1.00000000e+00    0.00000000e+00   -5.59999998e-02    0.00000000e+00   -1.00000000e-03   -5.59999998e-05
46       4.47500000e-10    0.00000000e+00    0.00000000e+00   -5.59999998e-02    1.00000000e+00    0.00000000e+00   -5.59999998e-02    0.00000000e+00   -1.00000000e-03   -5.59999998e-05
47       4.57500000e-10    0.00000000e+00    0.00000000e+00   -5.59999998e-02    1.00000000e+00    0.00000000e+00   -5.59999998e-02    0.00000000e+00   -1.00000000e-03   -5.59999998e-05
48       4.67500000e-10    0.00000000e+00    0.00000000e+00   -5.59999998e-02    1.00000000e+00    0.00000000e+00   -5.59999998e-02    0.00000000e+00   -1.00000000e-03   -5.59999998e-05
49       4.77500000e-10    0.00000000e+00    0.00000000e+00   -5.59999998e-02    1.00000000e+00    0.00000000e+00   -5.59999998e-02    0.00000000e+00   -1.00000000e-03   -5.59999998e-05
50       4.87500000e-10    0.00000000e+00    0.00000000e+00   -5.59999998e-02    1.00000000e+00    0.00000000e+00   -5.59999998e-02    0.00000000e+00   -1.00000000e-03   -5.59999998e-05
51       4.97500000e-10    0.00000000e+00    0.00000000e+00   -5.59999998e-02    1.00000000e+00    0.00000000e+00   -5.59999998e-02    0.00000000e+00   -1.00000000e-03   -5.59999998e-05
52       5.00000000e-10    0.00000000e+00    0.00000000e+00   -5.59999998e-02    1.00000000e+00    0.00000000e+00   -5.59999998e-02    0.00000000e+00   -1.00000000e-03   -5.59999998e-05
53       5.00062500e-10    0.00000000e+00    0.00000000e+00   -5.59999998e-02    1.00000000e+00    6.25000000e-03   -5.59999998e-02    0.00000000e+00   -1.00000000e-03   -5.59999998e-05
54       5.00187500e-10    0.00000000e+00    0.00000000e+00   -5.59999998e-02    1.00000000e+00    1.87500000e-02   -5.59999998e-02    0.00000000e+00   -1.00000000e-03   -5.59999998e-05
55       5.00437500e-10    0.00000000e+00    0.00000000e+00   -5.59999998e-02    1.00000000e+00    4.37500000e-02   -5.59999998e-02    0.00000000e+00   -1.00000000e-03   -5.59999998e-05
56       5.00937500e-10    0.00000000e+00    0.00000000e+00   -5.59999998e-02    1.00000000e+00    9.37500000e-02   -5.59999998e-02    0.00000000e+00   -1.00000000e-03   -5.59999998e-05
57       5.01937500e-10    0.00000000e+00    0.00000000e+00   -5.59999997e-02    1.00000000e+00    1.93750000e-01   -5.59999997e-02    0.00000000e+00   -9.99999999e-04   -5.59999997e-05
58       5.02650332e-10    0.00000000e+00    0.00000000e+00   -5.59486411e-02    1.00000000e+00    2.65033223e-01   -5.59486411e-02    0.00000000e+00   -9.99082881e-04   -5.59486411e-05
59       5.02777657e-10    0.00000000e+00    0.00000000e+00   -5.53515410e-02    1.00000000e+00    2.77765694e-01   -5.53515410e-02    0.00000000e+00   -9.88420378e-04   -5.53515410e-05
60       5.02894610e-10    0.00000000e+00    0.00000000e+00   -4.99328534e-02    1.00000000e+00    2.89461046e-01   -4.99328534e-02    0.00000000e+00   -8.91658100e-04   -4.99328534e-05
61       5.02941211e-10    0.00000000e+00    0.00000000e+00   -4.27946034e-02    1.00000000e+00    2.94121068e-01   -4.27946034e-02    0.00000000e+00   -7.64189350e-04   -4.27946034e-05
62       5.02987811e-10    0.00000000e+00    0.00000000e+00   -3.13961466e-02    1.00000000e+00    2.98781089e-01   -3.13961466e-02    0.00000000e+00   -5.60645477e-04   -3.13961466e-05
63       5.03029751e-10    0.00000000e+00    0.00000000e+00   -1.99070731e-02    1.00000000e+00    3.02975109e-01   -1.99070731e-02    0.00000000e+00   -3.55483449e-04   -1.99070731e-05
64       5.03071691e-10    0.00000000e+00    0.00000000e+00   -1.07801843e-02    1.00000000e+00    3.07169129e-01   -1.07801843e-02    0.00000000e+00   -1.92503292e-04   -1.07801843e-05
65       5.03113631e-10    0.00000000e+00    0.00000000e+00   -5.23125528e-03    1.00000000e+00    3.11363148e-01   -5.23125528e-03    0.00000000e+00   -9.34152732e-05   -5.23125528e-06
66       5.03155572e-10    0.00000000e+00    0.00000000e+00   -2.38773294e-03    1.00000000e+00    3.15557168e-01   -2.38773294e-03    0.00000000e+00   -4.26380883e-05   -2.38773294e-06
67       5.03239452e-10    0.00000000e+00    0.00000000e+00   -4.62099201e-04    1.00000000e+00    3.23945207e-01   -4.62099201e-04    0.00000000e+00   -8.25177148e-06   -4.62099201e-07
68       5.03323332e-10    0.00000000e+00    0.00000000e+00   -8.69127335e-05    1.00000000e+00    3.32333246e-01   -8.69127335e-05    0.00000000e+00   -1.55201310e-06   -8.69127335e-08
69       5.03491093e-10    0.00000000e+00    0.00000000e+00   -3.03796496e-06    1.00000000e+00    3.49109324e-01   -3.03796496e-06    0.00000000e+00   -5.42493746e-08   -3.03796496e-09
70       5.03658854e-10    0.00000000e+00    0.00000000e+00   -1.06036127e-07    1.00000000e+00    3.65885402e-01   -1.06036127e-07    0.00000000e+00   -1.89350228e-09   -1.06036127e-10
71       5.03994376e-10    0.00000000e+00    0.00000000e+00   -1.29166940e-10    1.00000000e+00    3.99437559e-01   -1.29166940e-10    0.00000000e+00   -2.30655254e-12   -1.29166940e-13
72       5.04665419e-10    0.00000000e+00    0.00000000e+00   -1.98266696e-16    1.00000000e+00    4.66541872e-01   -1.98266696e-16    0.00000000e+00   -3.52018952e-18   -1.98266696e-19
73       5.06007505e-10    0.00000000e+00    0.00000000e+00    5.53197218e-18    1.00000000e+00    6.00750498e-01    5.53197218e-18    0.00000000e+00    7.84977858e-20    5.53197218e-21
74       5.08691677e-10    0.00000000e+00    0.00000000e+00   -5.53197228e-18    1.00000000e+00    8.69167750e-01   -5.53197228e-18    0.00000000e+00   -7.84977858e-20   -5.53197228e-21
75       5.10000000e-10    0.00000000e+00    0.00000000e+00    5.53197228e-18    1.00000000e+00    1.00000000e+00    5.53197228e-18    0.00000000e+00    7.84977858e-20    5.53197228e-21
76       5.10536835e-10    0.00000000e+00    0.00000000e+00    0.00000000e+00    1.00000000e+00    1.00000000e+00    0.00000000e+00    0.00000000e+00    0.00000000e+00    0.00000000e+00
77       5.11610504e-10    0.00000000e+00    0.00000000e+00    0.00000000e+00    1.00000000e+00    1.00000000e+00    0.00000000e+00    0.00000000e+00    0.00000000e+00    0.00000000e+00
78       5.13757842e-10    0.00000000e+00    0.00000000e+00    0.00000000e+00    1.00000000e+00    1.00000000e+00    0.00000000e+00    0.00000000e+00    0.00000000e+00    0.00000000e+00
79       5.18052518e-10    0.00000000e+00    0.00000000e+00    0.00000000e+00    1.00000000e+00    1.00000000e+00    0.00000000e+00    0.00000000e+00    0.00000000e+00    0.00000000e+00
80       5.26641870e-10    0.00000000e+00    0.00000000e+00    0.00000000e+00    1.00000000e+00    1.00000000e+00    0.00000000e+00    0.00000000e+00    0.00000000e+00    0.00000000e+00
81       5.36641870e-10    0.00000000e+00    0.00000000e+00    0.00000000e+00    1.00000000e+00    1.00000000e+00    0.00000000e+00    0.00000000e+00    0.00000000e+00    0.00000000e+00
82       5.46641870e-10    0.00000000e+00    0.00000000e+00    0.00000000e+00    1.00000000e+00    1.00000000e+00    0.00000000e+00    0.00000000e+00    0.00000000e+00    0.00000000e+00
83       5.56641870e-10    0.00000000e+00    0.00000000e+00    0.00000000e+00    1.00000000e+00    1.00000000e+00    0.00000000e+00    0.00000000e+00    0.00000000e+00    0.00000000e+00
84       5.66641870e-10    0.00000000e+00    0.00000000e+00    0.00000000e+00    1.00000000e+00    1.00000000e+00    0.00000000e+00    0.00000000e+00    0.00000000e+00    0.00000000e+00
85       5.76641870e-10    0.00000000e+00    0.00000000e+00    0.00000000e+00    1.00000000e+00    1.00000000e+00    0.00000000e+00    0.00000000e+00    0.00000000e+00    0.00000000e+00
86       5.86641870e-10    0.00000000e+00    0.00000000e+00    0.00000000e+00    1.00000000e+00    1.00000000e+00    0.00000000e+00    0.00000000e+00    0.00000000e+00    0.00000000e+00
87       5.96641870e-10    0.00000000e+00    0.00000000e+00    0.00000000e+00    1.00000000e+00    1.00000000e+00    0.00000000e+00    0.00000000e+00    0.00000000e+00    0.00000000e+00
88       6.00000000e-10    0.00000000e+00    0.00000000e+00    0.00000000e+00    1.00000000e+00    1.00000000e+00    0.00000000e+00    0.00000000e+00    0.00000000e+00    0.00000000e+00
89       6.00062500e-10    5.00000000e-03    1.45011342e-03    0.00000000e+00    1.00000000e+00    1.00000000e+00    0.00000000e+00   -3.54988658e-06    0.00000000e+00    0.00000000e+00
90       6.00187500e-10    1.50000000e-02    7.54267922e-03    0.00000000e+00    1.00000000e+00    1.00000000e+00    0.00000000e+00   -7.45732078e-06    0.00000000e+00    0.00000000e+00
91       6.00300000e-10    2.40000000e-02    1.45161087e-02    0.00000000e+00    1.00000000e+00    1.00000000e+00    0.00000000e+00   -9.48389134e-06    0.00000000e+00    0.00000000e+00
92       6.00412500e-10    3.30000000e-02    2.20343135e-02    0.00000000e+00    1.00000000e+00    1.00000000e+00    0.00000000e+00   -1.09656865e-05    0.00000000e+00    0.00000000e+00
93       6.00637500e-10    5.10000000e-02    3.89543552e-02    0.00000000e+00    1.00000000e+00    1.00000000e+00    0.00000000e+00   -1.20456448e-05    0.00000000e+00    0.00000000e+00
94       6.01087500e-10    8.70000000e-02    7.47229237e-02    0.00000000e+00    1.00000000e+00    1.00000000e+00    0.00000000e+00   -1.22770763e-05    0.00000000e+00    0.00000000e+00
95       6.01537500e-10    1.23000000e-01    1.10766992e-01    0.00000000e+00    1.00000000e+00    1.00000000e+00    0.00000000e+00   -1.22330080e-05    0.00000000e+00    0.00000000e+00
96       6.02437500e-10    1.95000000e-01    1.82756442e-01    0.00000000e+00    1.00000000e+00    1.00000000e+00    0.00000000e+00   -1.22435575e-05    0.00000000e+00    0.00000000e+00
97       6.04237500e-10    3.39000000e-01    3.26762334e-01    0.00000000e+00    1.00000000e+00    1.00000000e+00    0.00000000e+00   -1.22376656e-05    0.00000000e+00    0.00000000e+00
98       6.07837500e-10    6.27000000e-01    6.14757700e-01    0.00000000e+00    1.00000000e+00    1.00000000e+00    0.00000000e+00   -1.22423002e-05    0.00000000e+00    0.00000000e+00
99       6.10000000e-10    8.00000000e-01    7.87761286e-01    0.00000000e+00    1.00000000e+00    1.00000000e+00    0.00000000e+00   -1.22387145e-05    0.00000000e+00    0.00000000e+00
100      6.10217821e-10    8.00000000e-01    7.94950170e-01    0.00000000e+00    1.00000000e+00    1.00000000e+00    0.00000000e+00   -5.04983000e-06    0.00000000e+00    0.00000000e+00
101      6.10383945e-10    8.00000000e-01    7.97578786e-01    0.00000000e+00    1.00000000e+00    1.00000000e+00    0.00000000e+00   -2.42121447e-06    0.00000000e+00    0.00000000e+00
102      6.10550068e-10    8.00000000e-01    7.99282484e-01    0.00000000e+00    1.00000000e+00    1.00000000e+00    0.00000000e+00   -7.17515560e-07    0.00000000e+00    0.00000000e+00
103      6.10882316e-10    8.00000000e-01    8.00029240e-01    0.00000000e+00    1.00000000e+00    1.00000000e+00    0.00000000e+00    2.92403504e-08    0.00000000e+00    0.00000000e+00
104      6.11546812e-10    8.00000000e-01    7.99988848e-01    0.00000000e+00    1.00000000e+00    1.00000000e+00    0.00000000e+00   -1.11517578e-08    0.00000000e+00    0.00000000e+00
105      6.12211307e-10    8.00000000e-01    8.00003769e-01    0.00000000e+00    1.00000000e+00    1.00000000e+00    0.00000000e+00    3.76882051e-09    0.00000000e+00    0.00000000e+00
106      6.13540298e-10    8.00000000e-01    7.99997226e-01    0.00000000e+00    1.00000000e+00    1.00000000e+00    0.00000000e+00   -2.77427219e-09    0.00000000e+00    0.00000000e+00
107      6.16198280e-10    8.00000000e-01    8.00001742e-01    0.00000000e+00    1.00000000e+00    1.00000000e+00    0.00000000e+00    1.74229977e-09    0.00000000e+00    0.00000000e+00
108      6.21514244e-10    8.00000000e-01    7.99997963e-01    0.00000000e+00    1.00000000e+00    1.00000000e+00    0.00000000e+00   -2.03676873e-09    0.00000000e+00    0.00000000e+00
109      6.31514244e-10    8.00000000e-01    8.00001419e-01    0.00000000e+00    1.00000000e+00    1.00000000e+00    0.00000000e+00    1.41901835e-09    0.00000000e+00    0.00000000e+00
110      6.41514244e-10    8.00000000e-01    7.99998168e-01    0.00000000e+00    1.00000000e+00    1.00000000e+00    0.00000000e+00   -1.83155519e-09    0.00000000e+00    0.00000000e+00
111      6.51514244e-10    8.00000000e-01    8.00001226e-01    0.00000000e+00    1.00000000e+00    1.00000000e+00    0.00000000e+00    1.22598807e-09    0.00000000e+00    0.00000000e+00
112      6.61514244e-10    8.00000000e-01    7.99998350e-01    0.00000000e+00    1.00000000e+00    1.00000000e+00    0.00000000e+00   -1.64999056e-09    0.00000000e+00    0.00000000e+00
113      6.71514244e-10    8.00000000e-01    8.00001055e-01    0.00000000e+00    1.00000000e+00    1.00000000e+00    0.00000000e+00    1.05520235e-09    0.00000000e+00    0.00000000e+00
114      6.81514244e-10    8.00000000e-01    7.99998511e-01    0.00000000e+00    1.00000000e+00    1.00000000e+00    0.00000000e+00   -1.48934955e-09    0.00000000e+00    0.00000000e+00
115      6.91514244e-10    8.00000000e-01    8.00000904e-01    0.00000000e+00    1.00000000e+00    1.00000000e+00    0.00000000e+00    9.04097745e-10    0.00000000e+00    0.00000000e+00
116      7.01514244e-10    8.00000000e-01    7.99998653e-01    0.00000000e+00    1.00000000e+00    1.00000000e+00    0.00000000e+00   -1.34722093e-09    0.00000000e+00    0.00000000e+00
117      7.11514244e-10    8.00000000e-01    8.00000770e-01    0.00000000e+00    1.00000000e+00    1.00000000e+00    0.00000000e+00    7.70406210e-10    0.00000000e+00    0.00000000e+00
118      7.21514244e-10    8.00000000e-01    7.99998779e-01    0.00000000e+00    1.00000000e+00    1.00000000e+00    0.00000000e+00   -1.22147134e-09    0.00000000e+00    0.00000000e+00
119      7.31514244e-10    8.00000000e-01    8.00000652e-01    0.00000000e+00    1.00000000e+00    1.00000000e+00    0.00000000e+00    6.52121069e-10    0.00000000e+00    0.00000000e+00
120      7.41514244e-10    8.00000000e-01    7.99998890e-01    0.00000000e+00    1.00000000e+00    1.00000000e+00    0.00000000e+00   -1.11021327e-09    0.00000000e+00    0.00000000e+00
121      7.51514244e-10    8.00000000e-01    8.00000547e-01    0.00000000e+00    1.00000000e+00    1.00000000e+00    0.00000000e+00    5.47466893e-10    0.00000000e+00    0.00000000e+00
122      7.61514244e-10    8.00000000e-01    7.99998988e-01    0.00000000e+00    1.00000000e+00    1.00000000e+00    0.00000000e+00   -1.01177672e-09    0.00000000e+00    0.00000000e+00
123      7.71514244e-10    8.00000000e-01    8.00000455e-01    0.00000000e+00    1.00000000e+00    1.00000000e+00    0.00000000e+00    4.54872855e-10    0.00000000e+00    0.00000000e+00
124      7.81514244e-10    8.00000000e-01    7.99999075e-01    0.00000000e+00    1.00000000e+00    1.00000000e+00    0.00000000e+00   -9.24684131e-10    0.00000000e+00    0.00000000e+00
125      7.91514244e-10    8.00000000e-01    8.00000373e-01    0.00000000e+00    1.00000000e+00    1.00000000e+00    0.00000000e+00    3.72949148e-10    0.00000000e+00    0.00000000e+00
126      8.01514244e-10    8.00000000e-01    7.99999152e-01    0.00000000e+00    1.00000000e+00    1.00000000e+00    0.00000000e+00   -8.47628241e-10    0.00000000e+00    0.00000000e+00
127      8.11514244e-10    8.00000000e-01    8.00000300e-01    0.00000000e+00    1.00000000e+00    1.00000000e+00    0.00000000e+00    3.00466126e-10    0.00000000e+00    0.00000000e+00
128      8.21514244e-10    8.00000000e-01    7.99999221e-01    0.00000000e+00    1.00000000e+00    1.00000000e+00    0.00000000e+00   -7.79452420e-10    0.00000000e+00    0.00000000e+00
129      8.31514244e-10    8.00000000e-01    8.00000236e-01    0.00000000e+00    1.00000000e+00    1.00000000e+00    0.00000000e+00    2.36335849e-10    0.00000000e+00    0.00000000e+00
130      8.41514244e-10    8.00000000e-01    7.99999281e-01    0.00000000e+00    1.00000000e+00    1.00000000e+00    0.00000000e+00   -7.19133333e-10    0.00000000e+00    0.00000000e+00
131      8.51514244e-10    8.00000000e-01    8.00000180e-01    0.00000000e+00    1.00000000e+00    1.00000000e+00    0.00000000e+00    1.79595750e-10    0.00000000e+00    0.00000000e+00
132      8.61514244e-10    8.00000000e-01    7.99999334e-01    0.00000000e+00    1.00000000e+00    1.00000000e+00    0.00000000e+00   -6.65765572e-10    0.00000000e+00    0.00000000e+00
133      8.71514244e-10    8.00000000e-01    8.00000129e-01    0.00000000e+00    1.00000000e+00    1.00000000e+00    0.00000000e+00    1.29394185e-10    0.00000000e+00    0.00000000e+00
134      8.81514244e-10    8.00000000e-01    7.99999381e-01    0.00000000e+00    1.00000000e+00    1.00000000e+00    0.00000000e+00   -6.18548068e-10    0.00000000e+00    0.00000000e+00
135      8.91514244e-10    8.00000000e-01    8.00000085e-01    0.00000000e+00    1.00000000e+00    1.00000000e+00    0.00000000e+00    8.49776574e-11    0.00000000e+00    0.00000000e+00
136      9.01514244e-10    8.00000000e-01    7.99999423e-01    0.00000000e+00    1.00000000e+00    1.00000000e+00    0.00000000e+00   -5.76772069e-10    0.00000000e+00    0.00000000e+00
137      9.11514244e-10    8.00000000e-01    8.00000046e-01    0.00000000e+00    1.00000000e+00    1.00000000e+00    0.00000000e+00    4.56795008e-11    0.00000000e+00    0.00000000e+00
138      9.21514244e-10    8.00000000e-01    7.99999460e-01    0.00000000e+00    1.00000000e+00    1.00000000e+00    0.00000000e+00   -5.39810496e-10    0.00000000e+00    0.00000000e+00
139      9.31514244e-10    8.00000000e-01    8.00000011e-01    0.00000000e+00    1.00000000e+00    1.00000000e+00    0.00000000e+00    1.09098759e-11    0.00000000e+00    0.00000000e+00
140      9.41514244e-10    8.00000000e-01    7.99999493e-01    0.00000000e+00    1.00000000e+00    1.00000000e+00    0.00000000e+00   -5.07108537e-10    0.00000000e+00    0.00000000e+00
141      9.51514244e-10    8.00000000e-01    7.99999980e-01    0.00000000e+00    1.00000000e+00    1.00000000e+00    0.00000000e+00   -1.98530837e-11    0.00000000e+00    0.00000000e+00
142      9.61514244e-10    8.00000000e-01    7.99999522e-01    0.00000000e+00    1.00000000e+00    1.00000000e+00    0.00000000e+00   -4.78175316e-10    0.00000000e+00    0.00000000e+00
143      9.71514244e-10    8.00000000e-01    7.99999953e-01    0.00000000e+00    1.00000000e+00    1.00000000e+00    0.00000000e+00   -4.70711048e-11    0.00000000e+00    0.00000000e+00
144      9.81514244e-10    8.00000000e-01    7.99999547e-01    0.00000000e+00    1.00000000e+00    1.00000000e+00    0.00000000e+00   -4.52576524e-10    0.00000000e+00    0.00000000e+00
145      9.91514244e-10    8.00000000e-01    7.99999929e-01    0.00000000e+00    1.00000000e+00    1.00000000e+00    0.00000000e+00   -7.11527050e-11    0.00000000e+00    0.00000000e+00
146      1.00151424e-09    8.00000000e-01    7.99999570e-01    0.00000000e+00    1.00000000e+00    1.00000000e+00    0.00000000e+00   -4.29927903e-10    0.00000000e+00    0.00000000e+00
147      1.01151424e-09    8.00000000e-01    7.99999908e-01    0.00000000e+00    1.00000000e+00    1.00000000e+00    0.00000000e+00   -9.24593244e-11    0.00000000e+00    0.00000000e+00
148      1.02151424e-09    8.00000000e-01    7.99999590e-01    0.00000000e+00    1.00000000e+00    1.00000000e+00    0.00000000e+00   -4.09889476e-10    0.00000000e+00    0.00000000e+00
149      1.03151424e-09    8.00000000e-01    7.99999889e-01    0.00000000e+00    1.00000000e+00    1.00000000e+00    0.00000000e+00   -1.11310751e-10    0.00000000e+00    0.00000000e+00
150      1.04151424e-09    8.00000000e-01    7.99999608e-01    0.00000000e+00    1.00000000e+00    1.00000000e+00    0.00000000e+00   -3.92160445e-10    0.00000000e+00    0.00000000e+00
151      1.05151424e-09    8.00000000e-01    7.99999872e-01    0.00000000e+00    1.00000000e+00    1.00000000e+00    0.00000000e+00   -1.27989920e-10    0.00000000e+00    0.00000000e+00
152      1.06151424e-09    8.00000000e-01    7.99999624e-01    0.00000000e+00    1.00000000e+00    1.00000000e+00    0.00000000e+00   -3.76474677e-10    0.00000000e+00    0.00000000e+00
153      1.07151424e-09    8.00000000e-01    7.99999857e-01    0.00000000e+00    1.00000000e+00    1.00000000e+00    0.00000000e+00   -1.42747162e-10    0.00000000e+00    0.00000000e+00
154      1.08151424e-09    8.00000000e-01    7.99999637e-01    0.00000000e+00    1.00000000e+00    1.00000000e+00    0.00000000e+00   -3.62596706e-10    0.00000000e+00    0.00000000e+00
155      1.09151424e-09    8.00000000e-01    7.99999844e-01    0.00000000e+00    1.00000000e+00    1.00000000e+00    0.00000000e+00   -1.55803958e-10    0.00000000e+00    0.00000000e+00
156      1.10151424e-09    8.00000000e-01    7.99999650e-01    0.00000000e+00    1.00000000e+00    1.00000000e+00    0.00000000e+00   -3.50318202e-10    0.00000000e+00    0.00000000e+00
157      1.11000000e-09    8.00000000e-01    7.99999832e-01    0.00000000e+00    1.00000000e+00    1.00000000e+00    0.00000000e+00   -1.68320439e-10    0.00000000e+00    0.00000000e+00
158      1.11006250e-09    7.95000000e-01    7.98549693e-01    0.00000000e+00    1.00000000e+00    1.00000000e+00    0.00000000e+00    3.54969282e-06    0.00000000e+00    0.00000000e+00
159      1.11018750e-09    7.85000000e-01    7.92457099e-01    0.00000000e+00    1.00000000e+00    1.00000000e+00    0.00000000e+00    7.45709901e-06    0.00000000e+00    0.00000000e+00
160      1.11030000e-09    7.76000000e-01    7.85483655e-01    0.00000000e+00    1.00000000e+00    1.00000000e+00    0.00000000e+00    9.48365505e-06    0.00000000e+00    0.00000000e+00
161      1.11041250e-09    7.67000000e-01    7.77965440e-01    0.00000000e+00    1.00000000e+00    1.00000000e+00    0.00000000e+00    1.09654396e-05    0.00000000e+00    0.00000000e+00
162      1.11063750e-09    7.49000000e-01    7.61045390e-01    0.00000000e+00    1.00000000e+00    1.00000000e+00    0.00000000e+00    1.20453901e-05    0.00000000e+00    0.00000000e+00
163      1.11108750e-09    7.13000000e-01    7.25276820e-01    0.00000000e+00    1.00000000e+00    1.00000000e+00    0.00000000e+00    1.22768200e-05    0.00000000e+00    0.00000000e+00
164      1.11153750e-09    6.77000000e-01    6.89232752e-01    0.00000000e+00    1.00000000e+00    1.00000000e+00    0.00000000e+00    1.22327520e-05    0.00000000e+00    0.00000000e+00
165      1.11243750e-09    6.05000000e-01    6.17243301e-01    0.00000000e+00    1.00000000e+00    1.00000000e+00    0.00000000e+00    1.22433015e-05    0.00000000e+00    0.00000000e+00
166      1.11423750e-09    4.61000000e-01    4.73237410e-01    0.00000000e+00    1.00000000e+00    1.00000000e+00    0.00000000e+00    1.22374096e-05    0.00000000e+00    0.00000000e+00
167      1.11783750e-09    1.73000000e-01    1.85242044e-01    0.00000000e+00    1.00000000e+00    1.00000000e+00    0.00000000e+00    1.22420442e-05    0.00000000e+00    0.00000000e+00
168      1.12000000e-09   -5.44009282e-15    1.22384584e-02    0.00000000e+00    1.00000000e+00    1.00000000e+00    0.00000000e+00    1.22384584e-05    0.00000000e+00    0.00000000e+00
169      1.12024960e-09    0.00000000e+00    4.65097175e-03    0.00000000e+00    1.00000000e+00    1.00000000e+00    0.00000000e+00    4.65097175e-06    0.00000000e+00    0.00000000e+00
170      1.12045306e-09    0.00000000e+00    1.99630856e-03    0.00000000e+00    1.00000000e+00    1.00000000e+00    0.00000000e+00    1.99630856e-06    0.00000000e+00    0.00000000e+00
171      1.12065652e-09    0.00000000e+00    4.01813779e-04    0.00000000e+00    1.00000000e+00    1.00000000e+00    0.00000000e+00    4.01813779e-07    0.00000000e+00    0.00000000e+00
172      1.12106343e-09    0.00000000e+00   -5.68776078e-05    0.00000000e+00    1.00000000e+00    1.00000000e+00    0.00000000e+00   -5.68776078e-08    0.00000000e+00    0.00000000e+00
173      1.12187726e-09    0.00000000e+00    2.57932563e-05    0.00000000e+00    1.00000000e+00    1.00000000e+00    0.00000000e+00    2.57932563e-08    0.00000000e+00    0.00000000e+00
174      1.12269109e-09    0.00000000e+00   -1.16969883e-05    0.00000000e+00    1.00000000e+00    1.00000000e+00    0.00000000e+00   -1.16969883e-08    0.00000000e+00    0.00000000e+00
175      1.12431875e-09    0.00000000e+00    7.99484319e-06    0.00000000e+00    1.00000000e+00    1.00000000e+00    0.00000000e+00    7.99484319e-09    0.00000000e+00    0.00000000e+00
176      1.12757408e-09    0.00000000e+00   -6.62102736e-06    0.00000000e+00    1.00000000e+00    1.00000000e+00    0.00000000e+00   -6.62102736e-09    0.00000000e+00    0.00000000e+00
177      1.13408472e-09    0.00000000e+00    6.02651501e-06    0.00000000e+00    1.00000000e+00    1.00000000e+00    0.00000000e+00    6.02651501e-09    0.00000000e+00    0.00000000e+00
178      1.14408472e-09    0.00000000e+00   -5.66871745e-06    0.00000000e+00    1.00000000e+00    1.00000000e+00    0.00000000e+00   -5.66871745e-09    0.00000000e+00    0.00000000e+00
179      1.15408472e-09    0.00000000e+00    5.33201698e-06    0.00000000e+00    1.00000000e+00    1.00000000e+00    0.00000000e+00    5.33201698e-09    0.00000000e+00    0.00000000e+00
180      1.16408472e-09    0.00000000e+00   -5.01546081e-06    0.00000000e+00    1.00000000e+00    1.00000000e+00    0.00000000e+00   -5.01546081e-09    0.00000000e+00    0.00000000e+00
181      1.17408472e-09    0.00000000e+00    4.71755268e-06    0.00000000e+00    1.00000000e+00    1.00000000e+00    0.00000000e+00    4.71755268e-09    0.00000000e+00    0.00000000e+00
182      1.18408472e-09    0.00000000e+00   -4.43748524e-06    0.00000000e+00    1.00000000e+00    1.00000000e+00    0.00000000e+00   -4.43748524e-09    0.00000000e+00    0.00000000e+00
183      1.19408472e-09    0.00000000e+00    4.17389904e-06    0.00000000e+00    1.00000000e+00    1.00000000e+00    0.00000000e+00    4.17389904e-09    0.00000000e+00    0.00000000e+00
184      1.20408472e-09    0.00000000e+00   -3.92611538e-06    0.00000000e+00    1.00000000e+00    1.00000000e+00    0.00000000e+00   -3.92611538e-09    0.00000000e+00    0.00000000e+00
185      1.21000000e-09    0.00000000e+00    3.53982096e-06    0.00000000e+00    1.00000000e+00    1.00000000e+00    0.00000000e+00    3.53982096e-09    0.00000000e+00    0.00000000e+00
186      1.21006250e-09    0.00000000e+00    2.51318105e-06   -1.10629404e-62    1.00000000e+00    9.93750000e-01   -1.10629404e-62    2.51318105e-09   -1.97552508e-64   -1.10629404e-65
187      1.21018750e-09    0.00000000e+00    1.38313751e-06    1.55424262e-72    1.00000000e+00    9.81250000e-01    1.55424262e-72    1.38313751e-09    2.77542843e-74    1.55424262e-75
188      1.21043750e-09    0.00000000e+00    1.39275473e-07   -6.93563166e-70    1.00000000e+00    9.56250000e-01   -6.93563166e-70    1.39275473e-10   -1.23850567e-71   -6.93563166e-73
189      1.21093750e-09    0.00000000e+00   -3.35706973e-08    1.52705210e-65    1.00000000e+00    9.06250000e-01    1.52705210e-65   -3.35706973e-11    2.72687875e-67    1.52705210e-68
190      1.21193750e-09    0.00000000e+00    1.77800398e-08   -4.96984939e-57    1.00000000e+00    8.06250000e-01   -4.96984939e-57    1.77800398e-11   -8.87473108e-59   -4.96984939e-60
191      1.21393750e-09    0.00000000e+00   -1.31283464e-08   -5.77115798e-40    1.00000000e+00    6.06250000e-01   -5.77115798e-40   -1.31283464e-11   -1.03056393e-41   -5.77115798e-43
192      1.21556658e-09    0.00000000e+00   -1.16246215e-09   -1.98454585e-14    1.00000000e+00    4.43341657e-01   -1.98454585e-14   -1.16246215e-12   -3.54383189e-16   -1.98454585e-17
193      1.21689354e-09    0.00000000e+00   -1.54831326e-10   -5.95231099e-03    1.00000000e+00    3.10645984e-01   -5.95231099e-03   -1.54831326e-13   -1.06291268e-04   -5.95231099e-06
194      1.21698677e-09    0.00000000e+00   -1.10841278e-10   -2.43174173e-02    1.00000000e+00    3.01322871e-01   -2.43174173e-02   -1.10841278e-13   -4.34239597e-04   -2.43174173e-05
195      1.21708000e-09    0.00000000e+00   -7.71240644e-11   -4.65934077e-02    1.00000000e+00    2.91999758e-01   -4.65934077e-02   -7.71240644e-14   -8.32025140e-04   -4.65934077e-05
196      1.21717323e-09    0.00000000e+00   -5.91545658e-11   -5.43012767e-02    1.00000000e+00    2.82676646e-01   -5.43012767e-02   -5.91545658e-14   -9.69665659e-04   -5.43012767e-05
197      1.21725714e-09    0.00000000e+00   -5.03293575e-11   -5.56747961e-02    1.00000000e+00    2.74285844e-01   -5.56747961e-02   -5.03293575e-14   -9.94192792e-04   -5.56747961e-05
198      1.21742496e-09    0.00000000e+00   -4.20560589e-11   -5.59885982e-02    1.00000000e+00    2.57504241e-01   -5.59885982e-02   -4.20560589e-14   -9.99796400e-04   -5.59885982e-05
199      1.21759277e-09    0.00000000e+00   -3.96432231e-11   -5.59996022e-02    1.00000000e+00    2.40722638e-01   -5.59996022e-02   -3.96432231e-14   -9.99992900e-04   -5.59996022e-05
200      1.21792841e-09    0.00000000e+00   -3.86039500e-11   -5.59999993e-02    1.00000000e+00    2.07159432e-01   -5.59999993e-02   -3.86039500e-14   -9.99999991e-04   -5.59999993e-05
201      1.21859967e-09    0.00000000e+00   -3.86669810e-11   -5.59999998e-02    1.00000000e+00    1.40033020e-01   -5.59999998e-02   -3.86669810e-14   -1.00000000e-03   -5.59999998e-05
202      1.21994220e-09    0.00000000e+00   -3.86390684e-11   -5.59999998e-02    1.00000000e+00    5.78019600e-03   -5.59999998e-02   -3.86390684e-14   -1.00000000e-03   -5.59999998e-05
203      1.22000000e-09    0.00000000e+00   -3.86424949e-11   -5.59999998e-02    1.00000000e+00    3.44169138e-15   -5.59999998e-02   -3.86424949e-14   -1.00000000e-03   -5.59999998e-05
204      1.22005780e-09    0.00000000e+00   -3.86445124e-11   -5.59999998e-02    1.00000000e+00    0.00000000e+00   -5.59999998e-02   -3.86445124e-14   -1.00000000e-03   -5.59999998e-05
205      1.22017341e-09    0.00000000e+00   -3.86468113e-11   -5.59999998e-02    1.00000000e+00    0.00000000e+00   -5.59999998e-02   -3.86468113e-14   -1.00000000e-03   -5.59999998e-05
206      1.22040461e-09    0.00000000e+00   -3.86494316e-11   -5.59999998e-02    1.00000000e+00    0.00000000e+00   -5.59999998e-02   -3.86494316e-14   -1.00000000e-03   -5.59999998e-05
207      1.22086703e-09    0.00000000e+00   -3.86499463e-11   -5.59999998e-02    1.00000000e+00    0.00000000e+00   -5.59999998e-02   -3.86499463e-14   -1.00000000e-03   -5.59999998e-05
208      1.22179186e-09    0.00000000e+00   -3.86498275e-11   -5.59999998e-02    1.00000000e+00    0.00000000e+00   -5.59999998e-02   -3.86498275e-14   -1.00000000e-03   -5.59999998e-05
209      1.22364152e-09    0.00000000e+00   -3.86499229e-11   -5.59999998e-02    1.00000000e+00    0.00000000e+00   -5.59999998e-02   -3.86499229e-14   -1.00000000e-03   -5.59999998e-05
210      1.22734085e-09    0.00000000e+00   -3.86499080e-11   -5.59999998e-02    1.00000000e+00    0.00000000e+00   -5.59999998e-02   -3.86499080e-14   -1.00000000e-03   -5.59999998e-05
211      1.23473950e-09    0.00000000e+00   -3.86500430e-11   -5.59999998e-02    1.00000000e+00    0.00000000e+00   -5.59999998e-02   -3.86500430e-14   -1.00000000e-03   -5.59999998e-05
212      1.24473950e-09    0.00000000e+00   -3.86501105e-11   -5.59999998e-02    1.00000000e+00    0.00000000e+00   -5.59999998e-02   -3.86501105e-14   -1.00000000e-03   -5.59999998e-05
213      1.25473950e-09    0.00000000e+00   -3.86502691e-11   -5.59999998e-02    1.00000000e+00    0.00000000e+00   -5.59999998e-02   -3.86502691e-14   -1.00000000e-03   -5.59999998e-05
214      1.26473950e-09    0.00000000e+00   -3.86503420e-11   -5.59999998e-02    1.00000000e+00    0.00000000e+00   -5.59999998e-02   -3.86503420e-14   -1.00000000e-03   -5.59999998e-05
215      1.27473950e-09    0.00000000e+00   -3.86504954e-11   -5.59999998e-02    1.00000000e+00    0.00000000e+00   -5.59999998e-02   -3.86504954e-14   -1.00000000e-03   -5.59999998e-05
216      1.28473950e-09    0.00000000e+00   -3.86505731e-11   -5.59999998e-02    1.00000000e+00    0.00000000e+00   -5.59999998e-02   -3.86505731e-14   -1.00000000e-03   -5.59999998e-05
217      1.29473950e-09    0.00000000e+00   -3.86507220e-11   -5.59999998e-02    1.00000000e+00    0.00000000e+00   -5.59999998e-02   -3.86507220e-14   -1.00000000e-03   -5.59999998e-05
218      1.30473950e-09    0.00000000e+00   -3.86508039e-11   -5.59999998e-02    1.00000000e+00    0.00000000e+00   -5.59999998e-02   -3.86508039e-14   -1.00000000e-03   -5.59999998e-05
219      1.31473950e-09    0.00000000e+00   -3.86509489e-11   -5.59999998e-02    1.00000000e+00    0.00000000e+00   -5.59999998e-02   -3.86509489e-14   -1.00000000e-03   -5.59999998e-05
220      1.32473950e-09    0.00000000e+00   -3.86510346e-11   -5.59999998e-02    1.00000000e+00    0.00000000e+00   -5.59999998e-02   -3.86510346e-14   -1.00000000e-03   -5.59999998e-05
221      1.33473950e-09    0.00000000e+00   -3.86511760e-11   -5.59999998e-02    1.00000000e+00    0.00000000e+00   -5.59999998e-02   -3.86511760e-14   -1.00000000e-03   -5.59999998e-05
222      1.34473950e-09    0.00000000e+00   -3.86512650e-11   -5.59999998e-02    1.00000000e+00    0.00000000e+00   -5.59999998e-02   -3.86512650e-14   -1.00000000e-03   -5.59999998e-05
223      1.35473950e-09    0.00000000e+00   -3.86514033e-11   -5.59999998e-02    1.00000000e+00    0.00000000e+00   -5.59999998e-02   -3.86514033e-14   -1.00000000e-03   -5.59999998e-05
224      1.36473950e-09    0.00000000e+00   -3.86514952e-11   -5.59999998e-02    1.00000000e+00    0.00000000e+00   -5.59999998e-02   -3.86514952e-14   -1.00000000e-03   -5.59999998e-05
225      1.37473950e-09    0.00000000e+00   -3.86516308e-11   -5.59999998e-02    1.00000000e+00    0.00000000e+00   -5.59999998e-02   -3.86516308e-14   -1.00000000e-03   -5.59999998e-05
226      1.38473950e-09    0.00000000e+00   -3.86517253e-11   -5.59999998e-02    1.00000000e+00    0.00000000e+00   -5.59999998e-02   -3.86517253e-14   -1.00000000e-03   -5.59999998e-05
227      1.39473950e-09    0.00000000e+00   -3.86518585e-11   -5.59999998e-02    1.00000000e+00    0.00000000e+00   -5.59999998e-02   -3.86518585e-14   -1.00000000e-03   -5.59999998e-05
228      1.40473950e-09    0.00000000e+00   -3.86519552e-11   -5.59999998e-02    1.00000000e+00    0.00000000e+00   -5.59999998e-02   -3.86519552e-14   -1.00000000e-03   -5.59999998e-05
229      1.41473950e-09    0.00000000e+00   -3.86520862e-11   -5.59999998e-02    1.00000000e+00    0.00000000e+00   -5.59999998e-02   -3.86520862e-14   -1.00000000e-03   -5.59999998e-05
230      1.42473950e-09    0.00000000e+00   -3.86521850e-11   -5.59999998e-02    1.00000000e+00    0.00000000e+00   -5.59999998e-02   -3.86521850e-14   -1.00000000e-03   -5.59999998e-05
231      1.43473950e-09    0.00000000e+00   -3.86523141e-11   -5.59999998e-02    1.00000000e+00    0.00000000e+00   -5.59999998e-02   -3.86523141e-14   -1.00000000e-03   -5.59999998e-05
232      1.44473950e-09    0.00000000e+00   -3.86524147e-11   -5.59999998e-02    1.00000000e+00    0.00000000e+00   -5.59999998e-02   -3.86524147e-14   -1.00000000e-03   -5.59999998e-05
233      1.45473950e-09    0.00000000e+00   -3.86525421e-11   -5.59999998e-02    1.00000000e+00    0.00000000e+00   -5.59999998e-02   -3.86525421e-14   -1.00000000e-03   -5.59999998e-05
234      1.46473950e-09    0.00000000e+00   -3.86526443e-11   -5.59999998e-02    1.00000000e+00    0.00000000e+00   -5.59999998e-02   -3.86526443e-14   -1.00000000e-03   -5.59999998e-05
235      1.47473950e-09    0.00000000e+00   -3.86527702e-11   -5.59999998e-02    1.00000000e+00    0.00000000e+00   -5.59999998e-02   -3.86527702e-14   -1.00000000e-03   -5.59999998e-05
236      1.48473950e-09    0.00000000e+00   -3.86528738e-11   -5.59999998e-02    1.00000000e+00    0.00000000e+00   -5.59999998e-02   -3.86528738e-14   -1.00000000e-03   -5.59999998e-05
237      1.49473950e-09    0.00000000e+00   -3.86529984e-11   -5.59999998e-02    1.00000000e+00    0.00000000e+00   -5.59999998e-02   -3.86529984e-14   -1.00000000e-03   -5.59999998e-05
238      1.50473950e-09    0.00000000e+00   -3.86531033e-11   -5.59999998e-02    1.00000000e+00    0.00000000e+00   -5.59999998e-02   -3.86531033e-14   -1.00000000e-03   -5.59999998e-05
239      1.51473950e-09    0.00000000e+00   -3.86532267e-11   -5.59999998e-02    1.00000000e+00    0.00000000e+00   -5.59999998e-02   -3.86532267e-14   -1.00000000e-03   -5.59999998e-05
240      1.52473950e-09    0.00000000e+00   -3.86533326e-11   -5.59999998e-02    1.00000000e+00    0.00000000e+00   -5.59999998e-02   -3.86533326e-14   -1.00000000e-03   -5.59999998e-05
241      1.53473950e-09    0.00000000e+00   -3.86534550e-11   -5.59999998e-02    1.00000000e+00    0.00000000e+00   -5.59999998e-02   -3.86534550e-14   -1.00000000e-03   -5.59999998e-05
242      1.54473950e-09    0.00000000e+00   -3.86535619e-11   -5.59999998e-02    1.00000000e+00    0.00000000e+00   -5.59999998e-02   -3.86535619e-14   -1.00000000e-03   -5.59999998e-05
243      1.55473950e-09    0.00000000e+00   -3.86536834e-11   -5.59999998e-02    1.00000000e+00    0.00000000e+00   -5.59999998e-02   -3.86536834e-14   -1.00000000e-03   -5.59999998e-05
244      1.56473950e-09    0.00000000e+00   -3.86537912e-11   -5.59999998e-02    1.00000000e+00    0.00000000e+00   -5.59999998e-02   -3.86537912e-14   -1.00000000e-03   -5.59999998e-05
245      1.57473950e-09    0.00000000e+00   -3.86539118e-11   -5.59999998e-02    1.00000000e+00    0.00000000e+00   -5.59999998e-02   -3.86539118e-14   -1.00000000e-03   -5.59999998e-05
246      1.58473950e-09    0.00000000e+00   -3.86540204e-11   -5.59999998e-02    1.00000000e+00    0.00000000e+00   -5.59999998e-02   -3.86540204e-14   -1.00000000e-03   -5.59999998e-05
247      1.59473950e-09    0.00000000e+00   -3.86541403e-11   -5.59999998e-02    1.00000000e+00    0.00000000e+00   -5.59999998e-02   -3.86541403e-14   -1.00000000e-03   -5.59999998e-05
248      1.60473950e-09    0.00000000e+00   -3.86542495e-11   -5.59999998e-02    1.00000000e+00    0.00000000e+00   -5.59999998e-02   -3.86542495e-14   -1.00000000e-03   -5.59999998e-05
249      1.61473950e-09    0.00000000e+00   -3.86543688e-11   -5.59999998e-02    1.00000000e+00    0.00000000e+00   -5.59999998e-02   -3.86543688e-14   -1.00000000e-03   -5.59999998e-05
250      1.62473950e-09    0.00000000e+00   -3.86544786e-11   -5.59999998e-02    1.00000000e+00    0.00000000e+00   -5.59999998e-02   -3.86544786e-14   -1.00000000e-03   -5.59999998e-05
251      1.63473950e-09    0.00000000e+00   -3.86545974e-11   -5.59999998e-02    1.00000000e+00    0.00000000e+00   -5.59999998e-02   -3.86545974e-14   -1.00000000e-03   -5.59999998e-05
252      1.64473950e-09    0.00000000e+00   -3.86547077e-11   -5.59999998e-02    1.00000000e+00    0.00000000e+00   -5.59999998e-02   -3.86547077e-14   -1.00000000e-03   -5.59999998e-05
253      1.65473950e-09    0.00000000e+00   -3.86548260e-11   -5.59999998e-02    1.00000000e+00    0.00000000e+00   -5.59999998e-02   -3.86548260e-14   -1.00000000e-03   -5.59999998e-05
254      1.66473950e-09    0.00000000e+00   -3.86549368e-11   -5.59999998e-02    1.00000000e+00    0.00000000e+00   -5.59999998e-02   -3.86549368e-14   -1.00000000e-03   -5.59999998e-05
255      1.67473950e-09    0.00000000e+00   -3.86550546e-11   -5.59999998e-02    1.00000000e+00    0.00000000e+00   -5.59999998e-02   -3.86550546e-14   -1.00000000e-03   -5.59999998e-05
256      1.68473950e-09    0.00000000e+00   -3.86551659e-11   -5.59999998e-02    1.00000000e+00    0.00000000e+00   -5.59999998e-02   -3.86551659e-14   -1.00000000e-03   -5.59999998e-05
257      1.69473950e-09    0.00000000e+00   -3.86552832e-11   -5.59999998e-02    1.00000000e+00    0.00000000e+00   -5.59999998e-02   -3.86552832e-14   -1.00000000e-03   -5.59999998e-05
258      1.70000000e-09    0.00000000e+00   -3.86553407e-11   -5.59999998e-02    1.00000000e+00    0.00000000e+00   -5.59999998e-02   -3.86553407e-14   -1.00000000e-03   -5.59999998e-05
259      1.70006250e-09    0.00000000e+00   -3.86553418e-11   -5.59999998e-02    1.00000000e+00    6.25000000e-03   -5.59999998e-02   -3.86553418e-14   -1.00000000e-03   -5.59999998e-05
260      1.70018750e-09    0.00000000e+00   -3.86553437e-11   -5.59999998e-02    1.00000000e+00    1.87500000e-02   -5.59999998e-02   -3.86553437e-14   -1.00000000e-03   -5.59999998e-05
261      1.70043750e-09    0.00000000e+00   -3.86553471e-11   -5.59999998e-02    1.00000000e+00    4.37500000e-02   -5.59999998e-02   -3.86553471e-14   -1.00000000e-03   -5.59999998e-05
262      1.70093750e-09    0.00000000e+00   -3.86553527e-11   -5.59999998e-02    1.00000000e+00    9.37500000e-02   -5.59999998e-02   -3.86553527e-14   -1.00000000e-03   -5.59999998e-05
263      1.70193750e-09    0.00000000e+00   -3.86553642e-11   -5.59999997e-02    1.00000000e+00    1.93750000e-01   -5.59999997e-02   -3.86553642e-14   -9.99999999e-04   -5.59999997e-05
264      1.70275210e-09    0.00000000e+00   -3.86553735e-11   -5.56092312e-02    1.00000000e+00    2.75210055e-01   -5.56092312e-02   -3.86553735e-14   -9.93021990e-04   -5.56092312e-05
265      1.70292097e-09    0.00000000e+00   -3.86553754e-11   -4.64408455e-02    1.00000000e+00    2.92096599e-01   -4.64408455e-02   -3.86553754e-14   -8.29300816e-04   -4.64408455e-05
266      1.70308983e-09    0.00000000e+00   -3.86553773e-11   -7.96666801e-03    1.00000000e+00    3.08983144e-01   -7.96666801e-03   -3.86553773e-14   -1.42261929e-04   -7.96666801e-06
267      1.70311184e-09    0.00000000e+00   -3.86553774e-11   -5.40333765e-03    1.00000000e+00    3.11184344e-01   -5.40333765e-03   -3.86553774e-14   -9.64881727e-05   -5.40333765e-06
268      1.70313386e-09    0.00000000e+00   -3.86553778e-11   -3.60291174e-03    1.00000000e+00    3.13385543e-01   -3.60291174e-03   -3.86553778e-14   -6.43377100e-05   -3.60291174e-06
269      1.70317788e-09    0.00000000e+00   -3.86553783e-11   -1.55217078e-03    1.00000000e+00    3.17787943e-01   -1.55217078e-03   -3.86553783e-14   -2.77173355e-05   -1.55217078e-06
270      1.70326593e-09    0.00000000e+00   -3.86553795e-11   -2.73054353e-04    1.00000000e+00    3.26592741e-01   -2.73054353e-04   -3.86553795e-14   -4.87597061e-06   -2.73054353e-07
271      1.70344202e-09    0.00000000e+00   -3.86553813e-11   -8.10510954e-06    1.00000000e+00    3.44202338e-01   -8.10510954e-06   -3.86553813e-14   -1.44734099e-07   -8.10510954e-09
272      1.70361812e-09    0.00000000e+00   -3.86553834e-11   -2.39480277e-07    1.00000000e+00    3.61811935e-01   -2.39480277e-07   -3.86553834e-14   -4.27643354e-09   -2.39480277e-10
273      1.70397031e-09    0.00000000e+00   -3.86553874e-11   -2.09012047e-10    1.00000000e+00    3.97031128e-01   -2.09012047e-10   -3.86553874e-14   -3.73235800e-12   -2.09012047e-13
274      1.70467470e-09    0.00000000e+00   -3.86553955e-11   -1.60312844e-16    1.00000000e+00    4.67469515e-01   -1.60312844e-16   -3.86553955e-14   -2.86847708e-18   -1.60312844e-19
275      1.70608346e-09    0.00000000e+00   -3.86554116e-11    1.77305172e-18    1.00000000e+00    6.08346289e-01    1.77305172e-18   -3.86554116e-14    3.74084160e-20    1.77305172e-21
276      1.70890100e-09    0.00000000e+00   -3.86554439e-11   -1.77305182e-18    1.00000000e+00    8.90099838e-01   -1.77305182e-18   -3.86554439e-14   -3.74084160e-20   -1.77305182e-21
277      1.71000000e-09    0.00000000e+00   -3.86554564e-11    1.77305182e-18    1.00000000e+00    1.00000000e+00    1.77305182e-18   -3.86554564e-14    3.74084160e-20    1.77305182e-21
278      1.71056351e-09    0.00000000e+00   -3.86554629e-11    0.00000000e+00    1.00000000e+00    1.00000000e+00    0.00000000e+00   -3.86554629e-14    0.00000000e+00    0.00000000e+00
279      1.71169052e-09    0.00000000e+00   -3.86554758e-11    0.00000000e+00    1.00000000e+00    1.00000000e+00    0.00000000e+00   -3.86554758e-14    0.00000000e+00    0.00000000e+00
280      1.71394455e-09    0.00000000e+00   -3.86555015e-11    0.00000000e+00    1.00000000e+00    1.00000000e+00    0.00000000e+00   -3.86555015e-14    0.00000000e+00    0.00000000e+00
281      1.71845261e-09    0.00000000e+00   -3.86555532e-11    0.00000000e+00    1.00000000e+00    1.00000000e+00    0.00000000e+00   -3.86555532e-14    0.00000000e+00    0.00000000e+00
282      1.72746872e-09    0.00000000e+00   -3.86556563e-11    0.00000000e+00    1.00000000e+00    1.00000000e+00    0.00000000e+00   -3.86556563e-14    0.00000000e+00    0.00000000e+00
283      1.73746872e-09    0.00000000e+00   -3.86557707e-11    0.00000000e+00    1.00000000e+00    1.00000000e+00    0.00000000e+00   -3.86557707e-14    0.00000000e+00    0.00000000e+00
284      1.74746872e-09    0.00000000e+00   -3.86558851e-11    0.00000000e+00    1.00000000e+00    1.00000000e+00    0.00000000e+00   -3.86558851e-14    0.00000000e+00    0.00000000e+00
285      1.75746872e-09    0.00000000e+00   -3.86559996e-11    0.00000000e+00    1.00000000e+00    1.00000000e+00    0.00000000e+00   -3.86559996e-14    0.00000000e+00    0.00000000e+00
286      1.76746872e-09    0.00000000e+00   -3.86561140e-11    0.00000000e+00    1.00000000e+00    1.00000000e+00    0.00000000e+00   -3.86561140e-14    0.00000000e+00    0.00000000e+00
287      1.77746872e-09    0.00000000e+00   -3.86562284e-11    0.00000000e+00    1.00000000e+00    1.00000000e+00    0.00000000e+00   -3.86562284e-14    0.00000000e+00    0.00000000e+00
288      1.78746872e-09    0.00000000e+00   -3.86563428e-11    0.00000000e+00    1.00000000e+00    1.00000000e+00    0.00000000e+00   -3.86563428e-14    0.00000000e+00    0.00000000e+00
289      1.79746872e-09    0.00000000e+00   -3.86564573e-11    0.00000000e+00    1.00000000e+00    1.00000000e+00    0.00000000e+00   -3.86564573e-14    0.00000000e+00    0.00000000e+00
290      1.80000000e-09    0.00000000e+00   -3.86564862e-11    0.00000000e+00    1.00000000e+00    1.00000000e+00    0.00000000e+00   -3.86564862e-14    0.00000000e+00    0.00000000e+00
End of Xyce(TM) Simulation
